2463547
2463567
2494780
2494787
2494789
2497018
2497023
2497119
2497977
2497980
2498016
2494776
2497019
2497973
2498012
2498660
2463542
2497914
2463538
2496860
2497015
2497895
2494775
2498520
2463545
2497979
2497974
2463563
2498576
2497897
2497975
2498858
2497981
2494798
2498572
2494795
2496624
2497017
2498015
2498017
2494786
2498574
2498518
2494770
2498013
2494790
2498573
2498575
2498519
2498014
2463549
2494773
2494778
2498019
2494791
2498003
2463546
2498010
2497896
2498517
2494779
2463550
2494771
2494783
2497976
2497978
2463556
2499086
2494774
2463558
2463560
2495077
2494788
2494772
2494781
2498011
2499158
