2456562
2457174
2457062
2457606
2457608
2458587
2458588
2458589
2458590
2458591
2458592
2458593
2458594
2458595
2458596
2458597
2458598
2458599
2458600
2458601
2458602
2458781
2458782
2459066
2459067
2457601
2457617
2458583
2458619
2458610
2458605
2458611
2458612
2458617
2458615
2458618
2458614
2456630
2458586
2458606
2459065
2458604
2457059
2458607
2456561
2458629
2458581
2458608
2458616
2458621
2457615
2457603
2458613
2458630
2458623
2458628
2458620
2457180
2458510
2458624
2458609
2458633
2457061
2458622
2458627
2459945
2458763
2458626
2458634
2458635
2457607
2458756
2458762
2458770
2457613
2458582
2458625
2458761
2456555
2458632
2459944
2456558
2458758
2458759
2458766
2458783
2457060
2458631
2458764
2458757
2458767
2458771
