2530871
2530870
2530872
2530544
2530882
2530883
2530884
2530885
2530924
2530925
2530874
2530645
2530928
2530873
2530875
2530887
2530878
2530926
2530889
2530592
2530593
2530868
2530927
2542390
2530867
2530886
2530931
2542392
2530877
2542391
2530892
2530891
2530591
2530080
2530922
2530007
2530876
2530880
2530929
2530930
2530955
2542212
2542213
2542469
2530923
2530879
2530910
2530659
2530957
2530958
2530869
2530594
2542215
2542214
2542333
2530959
2530960
2530388
2530961
2530962
2542185
2530990
2542216
