2463061
2463068
2463072
2463503
2463514
2463520
2463525
2463526
2463529
2496045
2463048
2463054
2463077
2463099
2463103
2463102
2463053
2494923
2463050
2463516
2463078
2463081
2463513
2463083
2463047
2463101
2463510
2463523
2463046
2463522
2463070
2463494
2463497
2463127
2463124
2463100
2463495
2463132
2463121
2463524
2463120
2463530
2463498
2463527
2496620
2496497
2463051
2463087
2463531
2496619
2496877
2463515
2463098
2463496
2463499
2463112
2463086
2463508
2463133
2463501
2463502
2463114
2463507
