2427068
2427069
2427070
2427071
2427072
2427073
2427100
2427101
2427102
2427103
2427105
2427106
2427107
2427951
2426021
2426026
2425977
2426025
2427067
2427074
2425511
2425968
2427075
2427076
2427110
2427077
2427078
2427112
2427079
2426033
2427108
2427111
2427949
2427109
2427115
2426028
2427462
2427080
2427572
2427081
2427571
2427084
2427117
2425963
2427064
2425512
2427113
2427118
2426031
2427086
2427087
2427950
2427083
2427119
2426023
2427082
2427116
2427122
2425591
2427114
2425588
2427463
2426032
2427573
2427121
2425509
2425967
2427126
2425592
2427125
2425471
2427127
2427120
2427089
2427094
2427093
2427464
2425589
2427092
2427574
2425517
2425590
2427123
2427993
2425520
2425593
2428036
2426022
2427098
