2429382
2427952
2427953
2427994
2427995
2427996
2427997
2427998
2428037
2428039
2428098
2428209
2428318
2428319
2428365
2425595
2428026
2428362
2429315
2429375
2429381
2425962
2425966
2427447
2429385
2429453
2428364
2428100
2428208
2428369
2429320
2429307
2428367
2429310
2429380
2428093
2429308
2429374
2425594
2429313
2429454
2428205
2429500
2428206
2428106
2428363
2429318
2428580
2429514
2428581
2428097
2428368
2428315
2429447
2428099
2429083
2429451
2428101
2429383
2429309
2429499
2429386
2429314
2428032
2429446
2429377
2429513
2428095
2428210
2428207
2429317
2428316
2428094
2429082
2429456
2428370
2429384
2429449
2428582
2428038
2429316
2428224
2429455
