2456628
2459134
2459135
2459136
2459947
2459948
2459949
2459950
2459952
2459953
2459954
2460022
2460326
2460329
2460336
2460340
2460341
2460345
2461278
2461281
2459946
2459951
2460333
2461279
2459123
2461264
2460398
2460401
2460338
2460025
2461282
2460330
2460337
2460342
2460335
2460399
2460343
2461262
2460400
2460334
2460397
2461265
2460403
2460402
2460411
2461332
2460339
2460798
2461285
2461288
2460833
2461266
2461263
2460344
2460346
2461294
2460801
2460332
2460802
2461290
2461283
2461296
2460019
2461277
2461297
2461299
2461289
2461295
2461298
2461293
2461280
2456631
2461292
2461343
2461333
2460799
2460800
2461348
2460797
2461291
2461349
2460021
2461340
2461342
2461387
2461339
2461346
2461344
2461300
