2457178
2457183
2457610
2457612
2458580
2458584
2458585
2460041
2460043
2460044
2460046
2460047
2460048
2460049
2460051
2460052
2460053
2460054
2460055
2460056
2460774
2457542
2458909
2460042
2460050
2460057
2457057
2460066
2460064
2457611
2460065
2460067
2460069
2457614
2458579
2460068
2460060
2460062
2460071
2460024
2460073
2457184
2458978
2457175
2460070
2460072
2460058
2460788
2458910
2460063
2456564
2460061
2457618
2460074
2460083
2460086
2461260
2460081
2460088
2457600
2460076
2460084
2460075
2457609
2458908
2458977
2458979
2460077
2457179
2460085
2460040
2460078
2460090
2456627
2460089
2460092
2460093
2457616
2460080
2460096
2460079
2460087
2460082
2457182
2460091
2461276
2457605
2460104
2457598
2460099
2458980
2460103
2460095
2460101
2460023
2460100
2460105
2457619
2460097
2460327
2460094
2457602
2460098
2460102
2457604
