2427268
2427214
2427224
2427226
2427227
2427233
2427235
2427239
2427252
2427261
2427262
2427263
2427271
2427273
2425474
2425478
2425970
2427238
2427208
2427209
2427251
2427257
2427260
2427237
2427240
2427245
2427249
2427211
2426027
2426029
2427210
2425975
2427066
2426038
2427259
2425476
2427212
2425508
2427219
2427236
2427265
2426030
2427220
2427218
2427221
2427242
2427264
2425507
2427065
2427243
2425510
2427258
2426037
2427232
2425974
2427213
2427269
2429276
2427461
2427234
2427230
2425972
2428033
