2242720
2242773
2243037
2244819
2244824
2244827
2244869
2244877
2248764
2242710
2242775
2243085
2243034
2243042
2243045
2243084
2243090
2242717
2242721
2243035
2244850
2248858
2242777
2243095
2242786
2242776
2242783
2248847
2248849
2248855
2243044
2243086
2244843
2248851
2248852
2243040
2243087
2242714
2250780
2248860
2242711
2242723
2242779
2243082
2242715
2242774
2243046
2243049
2243080
2242780
2243093
2243094
2242785
2243088
2243089
2248856
2242788
2242784
2243091
2243048
2242719
2243092
2242778
2243041
2242724
2243083
2242713
2242725
2251603
2248853
2243081
2242782
2243038
2243043
2243039
2243036
2248859
2242716
2242712
2248857
2242722
2242787
2248861
2242781
2242718
2243047
2242790
2243097
2243101
2242793
2242791
2242728
2243102
2242732
2243053
2243054
2251661
2242727
2243099
2242794
2243068
2248846
2243051
2243069
2243052
2242726
2243050
2243100
2242796
2242795
2243096
2243098
2243055
2243056
2242731
2242733
2243103
2243057
2243066
2243070
2242792
2243067
